<?xml version="1.0"?>
<opencv_storage>
<cameraMatrix type_id="opencv-matrix">
  <rows>3</rows>
  <cols>3</cols>
  <dt>d</dt>
  <data>
    1.2885033756947926e+03 0. 7.2449562554619899e+02 0.
    1.4401929855852272e+03 4.1579632700584415e+02 0. 0. 1.</data></cameraMatrix>
<distCoeffs type_id="opencv-matrix">
  <rows>1</rows>
  <cols>5</cols>
  <dt>d</dt>
  <data>
    -3.9072889445176312e-01 -1.0744956194581996e+00
    -2.5572040129922428e-02 -3.3799724694626720e-02 0.</data></distCoeffs>
</opencv_storage>
